197 201 207 201 207 215 212 210 186 173 164 156 155 156 156 181
113 137 121 158 150 154 146 166 124 167 142 166 164 104 162 104
109 139 102 153 137 127 156 161 155 173 170 127 154 152 141  97
 65  47 117 118  96 107 129 120 103  96 111  99 116 111 107  57
 44   0 141 136 143 101 148 155 143 147 171 148 171 151 126  36
 50   4  88 107 129  98 101 102 139 165 164 122 164 100  93  29
 31   0 108 118 126  97  86  93 145  76 148 137 169 127 114  19
 40   8  40  48  56  75  42  49  55  74 103 139 134 109 113  16
190 175 184 190 185 184 181 167 161 164 170 173 179 181 166 198
198 137 137 180 137 163 121  45 147 156  93  72 141 112 182 211
194 115 170 126 116 107 141  37  64 122  68 121 105 120 159 196
185  30  41  48  54  30 142  68 138  34  91 118  58 173 198 221
196  58 172  53  88 129 149 106  86  64 103 151  59 180 225 234
207  63 167  64 139 163 177 200  83  65  84  65  44 185 151 195
217  61 149  72 116 164 172 160 116 156 139 121  62 189 222 229
229 150 162 166 159 167 205 163 174 190 162 156 172 210 236 237
197 201 207 201 207 215 212 210 186 173 164 156 155 156 156 181
113 137 121 158 150 154 146 166 124 167 142 166 164 104 162 104
109 139 102 153 137 127 156 161 155 173 170 127 154 152 141  97
 65  47 117 118  96 107 129 120 103  96 111  99 116 111 107  57
 44   0 141 136 143 101 148 155 143 147 171 148 171 151 126  36
 50   4  88 107 129  98 101 102 139 165 164 122 164 100  93  29
 31   0 108 118 126  97  86  93 145  76 148 137 169 127 114  19
 40   8  40  48  56  75  42  49  55  74 103 139 134 109 113  16
190 175 184 190 185 184 181 167 161 164 170 173 179 181 166 198
198 137 137 180 137 163 121  45 147 156  93  72 141 112 182 211
194 115 170 126 116 107 141  37  64 122  68 121 105 120 159 196
185  30  41  48  54  30 142  68 138  34  91 118  58 173 198 221
196  58 172  53  88 129 149 106  86  64 103 151  59 180 225 234
207  63 167  64 139 163 177 200  83  65  84  65  44 185 151 195
217  61 149  72 116 164 172 160 116 156 139 121  62 189 222 229
229 150 162 166 159 167 205 163 174 190 162 156 172 210 236 237
197 201 207 201 207 215 212 210 186 173 164 156 155 156 156 181
113 137 121 158 150 154 146 166 124 167 142 166 164 104 162 104
109 139 102 153 137 127 156 161 155 173 170 127 154 152 141  97
 65  47 117 118  96 107 129 120 103  96 111  99 116 111 107  57
 44   0 141 136 143 101 148 155 143 147 171 148 171 151 126  36
 50   4  88 107 129  98 101 102 139 165 164 122 164 100  93  29
 31   0 108 118 126  97  86  93 145  76 148 137 169 127 114  19
 40   8  40  48  56  75  42  49  55  74 103 139 134 109 113  16
190 175 184 190 185 184 181 167 161 164 170 173 179 181 166 198
198 137 137 180 137 163 121  45 147 156  93  72 141 112 182 211
194 115 170 126 116 107 141  37  64 122  68 121 105 120 159 196
185  30  41  48  54  30 142  68 138  34  91 118  58 173 198 221
196  58 172  53  88 129 149 106  86  64 103 151  59 180 225 234
207  63 167  64 139 163 177 200  83  65  84  65  44 185 151 195
217  61 149  72 116 164 172 160 116 156 139 121  62 189 222 229
229 150 162 166 159 167 205 163 174 190 162 156 172 210 236 237

181 104  97  57  36  29  19  16 198 211 196 221 234 195 229 237
156 162 141 107 126  93 114 113 166 182 159 198 225 151 222 236
156 104 152 111 151 100 127 109 181 112 120 173 180 185 189 210
155 164 154 116 171 164 169 134 179 141 105  58  59  44  62 172
156 166 127  99 148 122 137 139 173  72 121 118 151  65 121 156
164 142 170 111 171 164 148 103 170  93  68  91 103  84 139 162
173 167 173  96 147 165  76  74 164 156 122  34  64  65 156 190
186 124 155 103 143 139 145  55 161 147  64 138  86  83 116 174
210 166 161 120 155 102  93  49 167  45  37  68 106 200 160 163
212 146 156 129 148 101  86  42 181 121 141 142 149 177 172 205
215 154 127 107 101  98  97  75 184 163 107  30 129 163 164 167
207 150 137  96 143 129 126  56 185 137 116  54  88 139 116 159
201 158 153 118 136 107 118  48 190 180 126  48  53  64  72 166
207 121 102 117 141  88 108  40 184 137 170  41 172 167 149 162
201 137 139  47   0   4   0   8 175 137 115  30  58  63  61 150
197 113 109  65  44  50  31  40 190 198 194 185 196 207 217 229
181 104  97  57  36  29  19  16 198 211 196 221 234 195 229 237
156 162 141 107 126  93 114 113 166 182 159 198 225 151 222 236
156 104 152 111 151 100 127 109 181 112 120 173 180 185 189 210
155 164 154 116 171 164 169 134 179 141 105  58  59  44  62 172
156 166 127  99 148 122 137 139 173  72 121 118 151  65 121 156
164 142 170 111 171 164 148 103 170  93  68  91 103  84 139 162
173 167 173  96 147 165  76  74 164 156 122  34  64  65 156 190
186 124 155 103 143 139 145  55 161 147  64 138  86  83 116 174
210 166 161 120 155 102  93  49 167  45  37  68 106 200 160 163
212 146 156 129 148 101  86  42 181 121 141 142 149 177 172 205
215 154 127 107 101  98  97  75 184 163 107  30 129 163 164 167
207 150 137  96 143 129 126  56 185 137 116  54  88 139 116 159
201 158 153 118 136 107 118  48 190 180 126  48  53  64  72 166
207 121 102 117 141  88 108  40 184 137 170  41 172 167 149 162
201 137 139  47   0   4   0   8 175 137 115  30  58  63  61 150
197 113 109  65  44  50  31  40 190 198 194 185 196 207 217 229
181 104  97  57  36  29  19  16 198 211 196 221 234 195 229 237
156 162 141 107 126  93 114 113 166 182 159 198 225 151 222 236
156 104 152 111 151 100 127 109 181 112 120 173 180 185 189 210
155 164 154 116 171 164 169 134 179 141 105  58  59  44  62 172
156 166 127  99 148 122 137 139 173  72 121 118 151  65 121 156
164 142 170 111 171 164 148 103 170  93  68  91 103  84 139 162
173 167 173  96 147 165  76  74 164 156 122  34  64  65 156 190
186 124 155 103 143 139 145  55 161 147  64 138  86  83 116 174
210 166 161 120 155 102  93  49 167  45  37  68 106 200 160 163
212 146 156 129 148 101  86  42 181 121 141 142 149 177 172 205
215 154 127 107 101  98  97  75 184 163 107  30 129 163 164 167
207 150 137  96 143 129 126  56 185 137 116  54  88 139 116 159
201 158 153 118 136 107 118  48 190 180 126  48  53  64  72 166
207 121 102 117 141  88 108  40 184 137 170  41 172 167 149 162
201 137 139  47   0   4   0   8 175 137 115  30  58  63  61 150
197 113 109  65  44  50  31  40 190 198 194 185 196 207 217 229

237 235 199 144 141 145 152 158 169 193 155 145 148 144 135 216
213 201 165  68  95  82  99 104 169 163 151 127  78 140  72 204
172 149 161  52  80  87  75  86 172 162 153 145  73 149  76 208
233 225 169  76 122  91  79  86 113 140 116 115  63 142  66 205
215 172 146  67  90  87  35  74  76 140  64  62  72  63  62 200
207 164 150 115 123  82 114  95  76 134 128 136 138 143 131 178
203 146 141 145 148 127 136 130  58 126 152 163 164 148 120 160
171 146 159 191 177 184 176 172 169 170 172 168 170 160 147 165
 61 102 116 141 130 145 125 125 112  95 113  99 102  82  14  47
 63 107 103 162 122 138 104 134 106 103  93 124 116  97   4  42
 70  89 103 162 128 163 145 149 105 110 106 124 106  90  15  52
 78 120 115 165 142 164 136 160 156 139 100 137 129 124   2  47
 86 111 105 115 110 111 102 102 125 110 105  97 111 111  56  82
105 126 130 148 133 158 162 139 157 135 139 122 146 133 145 138
113 132 134 153 146 155 161 145 163 145 151 137 152 142 148 142
141 142 157 156 132 135 137 132 133 130 132 132 151 151 143 148
237 235 199 144 141 145 152 158 169 193 155 145 148 144 135 216
213 201 165  68  95  82  99 104 169 163 151 127  78 140  72 204
172 149 161  52  80  87  75  86 172 162 153 145  73 149  76 208
233 225 169  76 122  91  79  86 113 140 116 115  63 142  66 205
215 172 146  67  90  87  35  74  76 140  64  62  72  63  62 200
207 164 150 115 123  82 114  95  76 134 128 136 138 143 131 178
203 146 141 145 148 127 136 130  58 126 152 163 164 148 120 160
171 146 159 191 177 184 176 172 169 170 172 168 170 160 147 165
 61 102 116 141 130 145 125 125 112  95 113  99 102  82  14  47
 63 107 103 162 122 138 104 134 106 103  93 124 116  97   4  42
 70  89 103 162 128 163 145 149 105 110 106 124 106  90  15  52
 78 120 115 165 142 164 136 160 156 139 100 137 129 124   2  47
 86 111 105 115 110 111 102 102 125 110 105  97 111 111  56  82
105 126 130 148 133 158 162 139 157 135 139 122 146 133 145 138
113 132 134 153 146 155 161 145 163 145 151 137 152 142 148 142
141 142 157 156 132 135 137 132 133 130 132 132 151 151 143 148
237 235 199 144 141 145 152 158 169 193 155 145 148 144 135 216
213 201 165  68  95  82  99 104 169 163 151 127  78 140  72 204
172 149 161  52  80  87  75  86 172 162 153 145  73 149  76 208
233 225 169  76 122  91  79  86 113 140 116 115  63 142  66 205
215 172 146  67  90  87  35  74  76 140  64  62  72  63  62 200
207 164 150 115 123  82 114  95  76 134 128 136 138 143 131 178
203 146 141 145 148 127 136 130  58 126 152 163 164 148 120 160
171 146 159 191 177 184 176 172 169 170 172 168 170 160 147 165
 61 102 116 141 130 145 125 125 112  95 113  99 102  82  14  47
 63 107 103 162 122 138 104 134 106 103  93 124 116  97   4  42
 70  89 103 162 128 163 145 149 105 110 106 124 106  90  15  52
 78 120 115 165 142 164 136 160 156 139 100 137 129 124   2  47
 86 111 105 115 110 111 102 102 125 110 105  97 111 111  56  82
105 126 130 148 133 158 162 139 157 135 139 122 146 133 145 138
113 132 134 153 146 155 161 145 163 145 151 137 152 142 148 142
141 142 157 156 132 135 137 132 133 130 132 132 151 151 143 148

216 203 207 204 200 177 157 167  46  40  50  45  81 139 143 148
143  73  76  67  61 132 122 149  16   5  16   3  56 145 148 144
153 142 149 142  65 144 149 162  82  98  91 124 112 134 143 152
156  79  75  64  72 139 165 170 103 117 107 130 111 146 152 151
153 128 146 118  61 136 163 169  99 124 125 137  98 122 138 132
163 148 150 115  65 128 152 172 112  94 106 101 106 139 152 132
196 162 162 141 137 133 124 169  96 103 111 140 111 136 145 131
174 168 171 114  76  77  60 167 113 106 106 157 126 158 163 134
165 104  87  87  74  95 132 170 125 135 151 160 102 138 145 133
160 104  76  83  36 115 136 173 126 106 147 138 102 163 163 138
154  81  85  92  90  81 127 181 144 139 163 165 112 159 155 135
150  99  80 123  91 123 149 174 127 125 131 144 110 134 146 133
152  68  52  75  66 115 145 188 139 163 163 166 116 148 154 158
203 168 162 171 149 151 142 158 113 102 102 114 105 131 134 157
236 205 150 224 176 164 147 147 100 107  90 121 111 126 132 142
238 218 173 233 218 210 205 176  63  65  72  80  87 106 113 142
216 203 207 204 200 177 157 167  46  40  50  45  81 139 143 148
143  73  76  67  61 132 122 149  16   5  16   3  56 145 148 144
153 142 149 142  65 144 149 162  82  98  91 124 112 134 143 152
156  79  75  64  72 139 165 170 103 117 107 130 111 146 152 151
153 128 146 118  61 136 163 169  99 124 125 137  98 122 138 132
163 148 150 115  65 128 152 172 112  94 106 101 106 139 152 132
196 162 162 141 137 133 124 169  96 103 111 140 111 136 145 131
174 168 171 114  76  77  60 167 113 106 106 157 126 158 163 134
165 104  87  87  74  95 132 170 125 135 151 160 102 138 145 133
160 104  76  83  36 115 136 173 126 106 147 138 102 163 163 138
154  81  85  92  90  81 127 181 144 139 163 165 112 159 155 135
150  99  80 123  91 123 149 174 127 125 131 144 110 134 146 133
152  68  52  75  66 115 145 188 139 163 163 166 116 148 154 158
203 168 162 171 149 151 142 158 113 102 102 114 105 131 134 157
236 205 150 224 176 164 147 147 100 107  90 121 111 126 132 142
238 218 173 233 218 210 205 176  63  65  72  80  87 106 113 142
216 203 207 204 200 177 157 167  46  40  50  45  81 139 143 148
143  73  76  67  61 132 122 149  16   5  16   3  56 145 148 144
153 142 149 142  65 144 149 162  82  98  91 124 112 134 143 152
156  79  75  64  72 139 165 170 103 117 107 130 111 146 152 151
153 128 146 118  61 136 163 169  99 124 125 137  98 122 138 132
163 148 150 115  65 128 152 172 112  94 106 101 106 139 152 132
196 162 162 141 137 133 124 169  96 103 111 140 111 136 145 131
174 168 171 114  76  77  60 167 113 106 106 157 126 158 163 134
165 104  87  87  74  95 132 170 125 135 151 160 102 138 145 133
160 104  76  83  36 115 136 173 126 106 147 138 102 163 163 138
154  81  85  92  90  81 127 181 144 139 163 165 112 159 155 135
150  99  80 123  91 123 149 174 127 125 131 144 110 134 146 133
152  68  52  75  66 115 145 188 139 163 163 166 116 148 154 158
203 168 162 171 149 151 142 158 113 102 102 114 105 131 134 157
236 205 150 224 176 164 147 147 100 107  90 121 111 126 132 142
238 218 173 233 218 210 205 176  63  65  72  80  87 106 113 142
